# .PCD v0.7 - Point Cloud Data file format
VERSION 0.7
FIELDS x y z
SIZE 4 4 4
TYPE F F F
COUNT 1 1 1
WIDTH 36
HEIGHT 1
VIEWPOINT 0 0 0 1 0 0 0
POINTS 36
DATA ascii
4.676579 0 -0.099927783
4.0500722 2.3382268 -0.099927783
2.3384144 4.049964 -0.099927783
0.00021665091 4.676579 -0.099927783
-2.3380392 4.0501804 -0.099927783
-4.0498557 2.3386021 -0.099927783
-4.676579 0.00043330182 -0.099927783
-4.0502887 -2.3378515 -0.099927783
-2.3387897 -4.049747 -0.099927783
-0.00064995274 -4.676579 -0.099927783
2.3376639 -4.0503969 -0.099927783
4.0496387 -2.3389773 -0.099927783
6.7066827 0 -0.019237429
5.8082094 3.3532517 -0.019237429
3.3535209 5.808054 -0.019237429
0.00031069914 6.7066827 -0.019237429
-3.3529828 5.8083649 -0.019237429
-5.807899 3.3537898 -0.019237429
-6.7066827 0.00062139827 -0.019237429
-5.8085203 -3.3527136 -0.019237429
-3.354059 -5.8077435 -0.019237429
-0.00093209738 -6.7066827 -0.019237429
3.3524444 -5.8086753 -0.019237429
5.8075881 -3.3543279 -0.019237429
11.707965 0 -0.031267155
10.139485 5.8538256 -0.031267155
5.8542953 10.139214 -0.031267155
0.00054239249 11.707965 -0.031267155
-5.8533559 10.139756 -0.031267155
-10.138943 5.8547649 -0.031267155
-11.707965 0.001084785 -0.031267155
-10.140027 -5.8528862 -0.031267155
-5.8552346 -10.138672 -0.031267155
-0.0016271773 -11.707964 -0.031267155
5.8524165 -10.140299 -0.031267155
6.0830402 -3.5134227 1.0212398
